x,y
-369000.0,-408000
-366000.0,-405000
-363000.0,-402000
-360000.0,-399000
-357000.0,-396000
-354000.0,-393000
-351000.0,-390000
-348000.0,-387000
-345000.0,-384000
-342000.0,-381000
-339000.0,-378000
-336000.0,-375000
-333000.0,-372000
-330000.0,-369000
-327000.0,-366000
-324000.0,-363000
-321000.0,-360000
-318000.0,-357000
-315000.0,-354000
-312000.0,-351000
-309000.0,-348000
-306000.0,-345000
-303000.0,-342000
-300000.0,-339000
-297000.0,-336000
-294000.0,-333000
-291000.0,-330000
-288000.0,-327000
-285000.0,-324000
-282000.0,-321000
-279000.0,-318000
-276000.0,-315000
-273000.0,-312000
-270000.0,-309000
-267000.0,-306000
-264000.0,-303000
-261000.0,-300000
-258000.0,-297000
-255000.0,-294000
-252000.0,-291000
-249000.0,-288000
-246000.0,-285000
-243000.0,-282000
-240000.0,-279000
-237000.0,-276000
-234000.0,-273000
-231000.0,-270000
-228000.0,-267000
-225000.0,-264000
-222000.0,-261000
-219000.0,-258000
-216000.0,-255000
-213000.0,-252000
-210000.0,-249000
-207000.0,-246000
-204000.0,-243000
-201000.0,-240000
-198000.0,-237000
-195000.0,-234000
-192000.0,-231000
-189000.0,-228000
-186000.0,-225000
-183000.0,-222000
-180000.0,-219000
-177000.0,-216000
-174000.0,-213000
-171000.0,-210000
-168000.0,-207000
-165000.0,-204000
-162000.0,-201000
-159000.0,-198000
-156000.0,-195000
-153000.0,-192000
-150000.0,-189000
-147000.0,-186000
-144000.0,-183000
-141000.0,-180000
-138000.0,-177000
-135000.0,-174000
-132000.0,-171000
-129000.0,-168000
-126000.0,-165000
-123000.0,-162000
-120000.0,-159000
-117000.0,-156000
-114000.0,-153000
-111000.0,-150000
-108000.0,-147000
-105000.0,-144000
-102000.0,-141000
-99000.0,-138000
-96000.0,-135000
-93000.0,-132000
-90000.0,-129000
-87000.0,-126000
-84000.0,-123000
-81000.0,-120000
-78000.0,-117000
-75000.0,-114000
-72000.0,-111000
-69000.0,-108000
-66000.0,-105000
-63000.0,-102000
-60000.0,-99000
-57000.0,-96000
-54000.0,-93000
-51000.0,-90000
-48000.0,-87000
-45000.0,-84000
-42000.0,-81000
-39000.0,-78000
-36000.0,-75000
-33000.0,-72000
-30000.0,-69000
-27000.0,-66000
-24000.0,-63000
-21000.0,-60000
-18000.0,-57000
-15000.0,-54000
-12000.0,-51000
-9000.0,-48000
-6000.0,-45000
-3000.0,-42000
0.0,-39000
3000.0,-36000
6000.0,-33000
9000.0,-30000
12000.0,-27000
15000.0,-24000
18000.0,-21000
21000.0,-18000
24000.0,-15000
27000.0,-12000
30000.0,-9000
33000.0,-6000
36000.0,-3000
39000.0,0
42000.0,3000
45000.0,6000
48000.0,9000
51000.0,12000
54000.0,15000
57000.0,18000
60000.0,21000
63000.0,24000
66000.0,27000
69000.0,30000
72000.0,33000
75000.0,36000
78000.0,39000
81000.0,42000
84000.0,45000
87000.0,48000
90000.0,51000
93000.0,54000
96000.0,57000
99000.0,60000
102000.0,63000
105000.0,66000
108000.0,69000
111000.0,72000
114000.0,75000
117000.0,78000
120000.0,81000
123000.0,84000
126000.0,87000
129000.0,90000
132000.0,93000
135000.0,96000
138000.0,99000
141000.0,102000
144000.0,105000
147000.0,108000
150000.0,111000
153000.0,114000
156000.0,117000
159000.0,120000
162000.0,123000
165000.0,126000
168000.0,129000
171000.0,132000
174000.0,135000
177000.0,138000
180000.0,141000
183000.0,144000
186000.0,147000
189000.0,150000
192000.0,153000
195000.0,156000
198000.0,159000
201000.0,162000
204000.0,165000
207000.0,168000
210000.0,171000
213000.0,174000
216000.0,177000
219000.0,180000
222000.0,183000
225000.0,186000
228000.0,189000
231000.0,192000
234000.0,195000
237000.0,198000
240000.0,201000
243000.0,204000
246000.0,207000
249000.0,210000
252000.0,213000
255000.0,216000
258000.0,219000
261000.0,222000
264000.0,225000
267000.0,228000
270000.0,231000
273000.0,234000
276000.0,237000
279000.0,240000
282000.0,243000
285000.0,246000
288000.0,249000
291000.0,252000
294000.0,255000
297000.0,258000
300000.0,261000
303000.0,264000
,267000
,270000
,273000
,276000
,279000
,282000
,285000
,288000
,291000
,294000
,297000
,300000
,303000
,306000
,309000
,312000
,315000
,318000
,321000
,324000
,327000
,330000
,333000
,336000
,339000
,342000
,345000
,348000
,351000
,354000
,357000
,360000
,363000
,366000
,369000
,372000
,375000
,378000
,381000
,384000
,387000
,390000
,393000
,396000
,399000
,402000
,405000
,408000
,411000
,414000
,417000
,420000
,423000
,426000
,429000
,432000
,435000
,438000
,441000
,444000
,447000
,450000
,453000
,456000
,459000
,462000
,465000
,468000
,471000
,474000
,477000
,480000
,483000
,486000
,489000
,492000
,495000
,498000
,501000
,504000
,507000
,510000
,513000
,516000
,519000
